name: optivac
channels:
  - bioconda
  - conda-forge
  - defaults
dependencies:
  - _libgcc_mutex=0.1=conda_forge
  - _openmp_mutex=4.5=1_gnu
  - _tflow_select=2.3.0=mkl
  - absl-py=0.15.0=pyhd3eb1b0_0
  - appdirs=1.4.4=pyh9f0ad1d_0
  - astor=0.8.0=py27_0
  - backports=1.0=py_2
  - backports.weakref=1.0rc1=py27_1
  - biopython=1.68=py27_0
  - bleach=1.5.0=py27_0
  - c-ares=1.18.1=h7f8727e_0
  - ca-certificates=2021.10.26=h06a4308_2
  - certifi=2020.6.20=pyhd3eb1b0_3
  - coincbc=2.10.5=hab63836_1
  - colorama=0.4.4=pyh9f0ad1d_0
  - configparser=3.7.3=py27h8c360ce_2
  - contextlib2=0.6.0.post1=py_0
  - enum34=1.1.6=py27_1
  - fred2=2.0.7=py_0
  - freetype=2.10.4=h0708190_1
  - funcsigs=1.0.2=py_3
  - futures=3.3.0=py27_0
  - gast=0.5.3=pyhd3eb1b0_0
  - grpcio=1.27.2=py27hf8bcb03_0
  - h5py=2.10.0=nompi_py27h513d04c_102
  - hdf5=1.10.5=nompi_h3c11f04_1104
  - html5lib=0.9999999=py27_0
  - importlib-metadata=1.5.0=py27h8c360ce_1
  - jbig=2.1=h7f98852_2003
  - jpeg=9d=h36c2ea0_0
  - keras=2.3.1=py27_0
  - keras-applications=1.0.8=py_1
  - keras-preprocessing=1.1.0=py_0
  - ld_impl_linux-64=2.36.1=hea4e1c9_2
  - lerc=3.0=h9c3ff4c_0
  - libblas=3.9.0=8_openblas
  - libcblas=3.9.0=8_openblas
  - libdeflate=1.8=h7f98852_0
  - libffi=3.2.1=he1b5a44_1007
  - libgcc-ng=11.2.0=h1d223b6_11
  - libgfortran-ng=7.5.0=h14aa051_19
  - libgfortran4=7.5.0=h14aa051_19
  - libgomp=11.2.0=h1d223b6_11
  - libgpuarray=0.7.6=h7f98852_1003
  - liblapack=3.9.0=8_openblas
  - libopenblas=0.3.12=pthreads_hb3c22a3_1
  - libpng=1.6.37=h21135ba_2
  - libprotobuf=3.11.4=h8b12597_0
  - libstdcxx-ng=11.2.0=he4da1e4_11
  - libtiff=4.3.0=h6f004c6_2
  - libwebp-base=1.2.1=h7f98852_0
  - libzlib=1.2.11=h36c2ea0_1013
  - linecache2=1.0.0=py_1
  - lz4-c=1.9.3=h9c3ff4c_1
  - mako=1.1.6=pyhd8ed1ab_0
  - markdown=3.3.3=pyh9f0ad1d_0
  - markupsafe=1.1.1=py27hdf8410d_1
  - mhcflurry=1.6.1=py_0
  - mhcnames=0.4.8=pyh864c0ab_1
  - mhcnuggets=2.3.2=py_0
  - mmtf-python=1.0.2=py27_0
  - mock=3.0.5=py27h8c360ce_1
  - more-itertools=5.0.0=py_0
  - msgpack-python=1.0.0=py27h9e3301b_1
  - ncurses=6.2=h58526e2_4
  - nose=1.3.7=py27h8c360ce_1004
  - numpy=1.16.5=py27h95a1406_0
  - olefile=0.46=pyh9f0ad1d_1
  - openssl=1.1.1m=h7f8727e_0
  - pandas=0.24.2=py27hb3f55d8_0
  - pathlib2=2.3.5=py27h8c360ce_1
  - pillow=6.2.1=py27hd70f55b_1
  - pip=20.1.1=pyh9f0ad1d_0
  - ply=3.11=py_1
  - protobuf=3.11.4=py27he1b5a44_0
  - pygpu=0.7.6=py27hc1659b7_1000
  - pymysql=0.10.1=pyhd3deb0d_0
  - pyomo=4.1.10527=py27_1
  - pysvmlight=0.4=py27heb79e2c_4
  - python=2.7.15=h5a48372_1011_cpython
  - python-dateutil=2.8.1=py_0
  - python_abi=2.7=1_cp27mu
  - pytz=2020.1=pyh9f0ad1d_0
  - pyutilib=5.1.3556=py27_0
  - pyvcf=0.6.8=py27_0
  - pyyaml=5.3.1=py27hdf8410d_0
  - readline=8.1=h46c0cb4_0
  - reportlab=3.5.42=py27heca39a3_0
  - scandir=1.10.0=py27hdf8410d_1
  - scikit-learn=0.20.3=py27ha8026db_1
  - scipy=1.2.1=py27h921218d_2
  - setuptools=44.0.0=py27_0
  - six=1.16.0=pyh6c4a22f_0
  - sqlite=3.37.0=h9cd32fc_0
  - svmlight=6.02=h779adbc_3
  - tensorboard=1.13.1=py27hf484d3e_0
  - tensorflow=1.13.1=mkl_py27h74ee40f_0
  - tensorflow-base=1.13.1=mkl_py27h7ce6ba3_0
  - tensorflow-estimator=1.13.0=py_0
  - termcolor=1.1.0=py27_1
  - theano=1.0.3=py27hfc679d8_1
  - tk=8.6.11=h27826a3_1
  - toolchain=2.4.0=0
  - toolchain_c_linux-64=2.4.0=0
  - toolchain_cxx_linux-64=2.4.0=0
  - tqdm=4.62.3=pyhd8ed1ab_0
  - traceback2=1.4.0=py27_0
  - unittest2=1.1.0=py_0
  - webencodings=0.5.1=py_1
  - werkzeug=1.0.1=pyh9f0ad1d_0
  - wheel=0.37.1=pyhd8ed1ab_0
  - xz=5.2.5=h516909a_1
  - yaml=0.2.5=h7f98852_2
  - zipp=1.0.0=py_0
  - zlib=1.2.11=h36c2ea0_1013
  - zstd=1.5.1=ha95c52a_0
prefix: /home/dwells/miniconda3/envs/optivac
